root
512
1
-1
-1
-1
-1
-1
even.xsm
144
3
-1
-1
-1
-1
-1
odd.xsm
144
3
-1
-1
-1
-1
-1
gcd.xsm
272
3
-1
-1
-1
-1
-1
sort.xsm
334
3
-1
-1
-1
-1
-1
st_22_1.xsm
940
3
-1
-1
-1
-1
-1
stage_24.xsm
514
3
-1
-1
-1
-1
-1
create.xsm
274
3
-1
-1
-1
-1
-1
delete.xsm
178
3
-1
-1
-1
-1
-1
mdata.dat
6
2
-1
-1
-1
-1
-1
numbers.dat
2048
2
-1
-1
-1
-1
-1
parent.xsm
280
3
-1
-1
-1
-1
-1
child.xsm
328
3
-1
-1
-1
-1
-1
f_read.xsm
476
3
-1
-1
-1
-1
-1
m_sort_S.xsm
1150
3
-1
-1
-1
-1
-1
m_sort_C.xsm
1846
3
-1
-1
-1
-1
-1
st_25.xsm
1014
3
-1
-1
-1
-1
-1
st_25-2.xsm
2046
3
-1
-1
-1
-1
-1
merge.dat
2048
2
-1
1
-1
-1
-1
bb.dat
100
2
-1
1
-1
-1
-1
temp4.dat
-1
2
-1
temp4.dat
-1
-1
-1
temp3.dat
-1
2
-1
temp3.dat
-1
-1
-1
tempa.dat
-1
2
-1
1
-1
-1
-1
tempb.dat
-1
2
-1
1
-1
-1
-1
-1
0
-1
-1
-1
-1
-1
-1
-1
0
-1
-1
-1
-1
-1
-1
-1
0
-1
-1
-1
-1
-1
-1
-1
0
-1
-1
-1
-1
-1
-1
-1
0
-1
-1
-1
-1
-1
-1
-1
0
-1
-1
-1
-1
-1
-1
-1
0
-1
-1
-1
-1
-1
-1
-1
0
-1
-1
-1
-1
-1
-1
-1
0
-1
-1
-1
-1
-1
-1
-1
0
-1
-1
-1
-1
-1
-1
-1
0
-1
-1
-1
-1
-1
-1
-1
0
-1
-1
-1
-1
-1
-1
-1
0
-1
-1
-1
-1
-1
-1
-1
0
-1
-1
-1
-1
-1
-1
-1
0
-1
-1
-1
-1
-1
-1
-1
0
-1
-1
-1
-1
-1
-1
-1
0
-1
-1
-1
-1
-1
-1
-1
0
-1
-1
-1
-1
-1
-1
-1
0
-1
-1
-1
-1
-1
-1
-1
0
-1
-1
-1
-1
-1
-1
-1
0
-1
-1
-1
-1
-1
-1
-1
0
-1
-1
-1
-1
-1
-1
-1
0
-1
-1
-1
-1
-1
-1
-1
0
-1
-1
-1
-1
-1
-1
-1
0
-1
-1
-1
-1
-1
-1
-1
0
-1
-1
-1
-1
-1
-1
-1
0
-1
-1
-1
-1
-1
-1
-1
0
-1
-1
-1
-1
-1
-1
-1
0
-1
-1
-1
-1
-1
-1
-1
0
-1
-1
-1
-1
-1
-1
-1
0
-1
-1
-1
-1
-1
-1
-1
0
-1
-1
-1
-1
-1
-1
-1
0
-1
-1
-1
-1
-1
-1
-1
0
-1
-1
-1
-1
-1
-1
-1
0
-1
-1
-1
-1
-1
-1
-1
0
-1
-1
-1
-1
-1
-1
-1
0
-1
-1
-1
-1
-1
-1
-1
0
-1
-1
-1
-1
-1
-1
-1
0
-1
-1
-1
-1
-1
-1
-1
0
-1
-1
-1
-1
-1
-1
